%5.2.9第1题求解
X=[1 2 3 4 5 6 7 8 9 10 11 12 13 14 5 16 17 18 19 20 21 22 23 24];
Y=[66 66 65 64 63 63 62 61 60 60 59 58 58 58 58 58 57 57 57 58 60 64 67 68];